![wpn_g43]
        position                         = -0.022, 0, -0.015
 
![wpn_g43_hud]
        aim_hud_offset_rot               = 0.011515, 0.020965, 0.007148
        aim_hud_offset_rot_16x9          = 0.011515, 0.020965, 0.007148
        hands_orientation                = 3.745089, 0.735867, 0
        hands_orientation_16x9           = 3.745089, 0.735867, 0
        hands_position                   = 0.010873, -0.020746, 0.046753
        hands_position_16x9              = 0.010873, -0.020746, 0.046753